18584
4335
2689
4946
10871
1225
7153
9576
3280
2196
2016
2185
6110
7446
6864
2880
8370
2012
2991
7706
3112
4965
1772
858
2573
6217
4693
5382
18833
3299
4282
3525
3971
3142
3438
3606
3716
1083
5066
3982
3538
9831
4042
11171
6068
6200
3002
3488
7001
23163
5499
4392
1995
8358
2870
15198
2508
4380
5239
4328
2112
3417
3015
4476
3183
11208
3528
1863
4762
7233
12741
1358
2067
4755
3290
3983
1976
4291
5058
6600
2825
2192
12305
1042
2150
19089
4040
3369
1097
2125
2171
7038
4980
8315
1293
6906
2776
3162
6818
9013